 0.000  0.472  0.434  0.245  0.623  0.377  0.453  0.283  0.264  0.604  0.509  0.245  0.264  0.434  0.491 
 0.528  0.000  0.566  0.453  0.736  0.528  0.679  0.547  0.585  0.679  0.491  0.396  0.453  0.434  0.736 
 0.755  0.434  0.000  0.453  0.491  0.396  0.472  0.094  0.340  0.736  0.509  0.604  0.491  0.264  0.585 
 0.755  0.547  0.660  0.000  0.623  0.509  0.509  0.340  0.604  0.660  0.717  0.698  0.679  0.642  0.849 
 0.717  0.604  0.547  0.377  0.000  0.377  0.585  0.434  0.434  0.604  0.509  0.377  0.415  0.415  0.660 
 0.906  0.604  0.660  0.509  0.774  0.000  0.642  0.340  0.698  0.698  0.528  0.358  0.377  0.679  0.792 
 0.623  0.604  0.679  0.566  0.604  0.396  0.000  0.434  0.453  0.528  0.528  0.472  0.358  0.434  0.528 
 0.717  0.585  0.906  0.717  0.585  0.660  0.849  0.000  0.943  0.679  0.679  0.660  0.736  0.604  0.906 
 0.755  0.472  0.660  0.434  0.566  0.604  0.642  0.434  0.000  0.660  0.566  0.528  0.509  0.396  0.717 
 0.453  0.377  0.453  0.491  0.453  0.302  0.528  0.321  0.340  0.000  0.264  0.208  0.566  0.528  0.566 
 0.566  0.509  0.528  0.453  0.491  0.472  0.528  0.491  0.736  0.792  0.000  0.679  0.642  0.321  0.755 
 0.792  0.774  0.396  0.660  0.623  0.660  0.528  0.358  0.491  0.792  0.679  0.000  0.736  0.528  0.849 
 0.736  0.547  0.509  0.509  0.585  0.642  0.642  0.434  0.509  0.585  0.509  0.453  0.000  0.491  0.792 
 0.736  0.566  0.755  0.679  0.642  0.321  0.698  0.585  0.604  0.642  0.679  0.472  0.509  0.000  0.736 
 0.623  0.434  0.528  0.208  0.491  0.396  0.585  0.434  0.434  0.434  0.264  0.208  0.208  0.453  0.000 
