 1.000  0.656  0.750  0.370  0.444  0.444  0.519  0.778  0.778  0.750  0.875  0.444  0.556  0.667  0.417 
 0.333  1.000  0.778  0.556  0.444  0.778  0.667  0.889  0.889  0.875  0.889  0.444  0.889  0.556  0.375 
 0.875  1.000  1.000  0.593  0.691  0.691  0.333  0.556  0.444  0.750  0.556  1.000  0.556  0.593  0.500 
 0.219  0.281  0.375  1.000  0.281  0.222  0.198  0.444  0.444  0.375  0.500  0.250  0.333  0.444  0.286 
 0.222  0.656  0.875  0.444  1.000  0.444  0.519  0.889  0.889  0.875  1.000  0.500  0.444  0.667  0.375 
 0.222  0.562  0.500  0.250  0.857  1.000  0.556  0.556  0.625  0.500  0.625  0.250  0.247  0.556  0.714 
 0.778  1.000  0.875  0.667  0.875  0.691  1.000  0.889  0.889  0.875  1.000  0.889  0.494  0.667  0.444 
 0.375  0.500  0.556  0.375  0.375  0.375  0.222  1.000  0.222  0.250  0.312  0.500  0.375  0.250  0.889 
 0.375  0.500  0.278  0.375  0.375  0.375  0.333  0.222  1.000  0.250  0.375  0.500  0.346  0.469  0.571 
 0.444  0.519  0.444  0.667  0.556  0.889  0.778  1.000  0.889  1.000  0.333  0.333  1.000  0.667  0.444 
 0.198  0.375  0.148  0.333  0.333  0.556  0.444  0.667  0.556  0.125  1.000  0.375  0.667  0.370  0.286 
 0.111  0.556  0.333  0.333  0.222  0.556  0.444  0.667  0.556  0.375  0.500  1.000  0.667  0.519  0.286 
 0.375  0.562  0.375  0.422  0.469  0.469  0.667  0.500  0.500  0.375  0.500  0.422  1.000  0.750  0.643 
 0.234  0.250  0.750  0.375  0.125  0.222  0.123  0.778  0.778  0.750  0.875  0.375  0.333  1.000  0.250 
 0.333  0.656  0.444  0.556  0.444  0.778  0.667  0.889  0.778  0.500  0.556  0.395  0.889  0.667  1.000 
