 0.000  0.554  0.804  0.679  0.375  0.518  0.643  0.679  0.821  0.589  0.643  0.679  0.696  0.643  0.375 
 0.446  0.000  0.464  0.518  0.696  0.661  0.661  0.554  0.946  0.500  0.571  0.804  0.839  0.768  0.518 
 0.464  0.536  0.000  0.625  0.446  0.518  0.750  0.625  0.786  0.500  0.536  0.696  0.661  0.518  0.304 
 0.321  0.482  0.375  0.000  0.500  0.482  0.625  0.607  0.911  0.393  0.446  0.804  0.786  0.375  0.482 
 0.625  0.625  0.554  0.500  0.000  0.679  0.786  0.625  0.661  0.607  0.554  0.786  0.911  0.679  0.661 
 0.589  0.625  0.482  0.518  0.589  0.000  0.696  0.446  0.768  0.536  0.607  0.714  0.750  0.625  0.482 
 0.357  0.625  0.286  0.429  0.482  0.464  0.000  0.536  0.661  0.500  0.464  0.661  0.696  0.518  0.339 
 0.321  0.696  0.464  0.679  0.482  0.607  0.571  0.000  0.768  0.375  0.571  0.786  0.696  0.589  0.357 
 0.286  0.161  0.339  0.214  0.339  0.339  0.429  0.268  0.000  0.286  0.179  0.429  0.571  0.161  0.089 
 0.643  0.607  0.661  0.732  0.500  0.571  0.500  0.768  0.911  0.000  0.643  0.857  0.839  0.750  0.661 
 0.446  0.536  0.500  0.786  0.482  0.429  0.536  0.661  0.821  0.464  0.000  0.821  0.696  0.518  0.357 
 0.411  0.357  0.429  0.196  0.339  0.393  0.393  0.321  0.696  0.429  0.286  0.000  0.732  0.393  0.125 
 0.304  0.214  0.393  0.321  0.375  0.250  0.357  0.304  0.589  0.161  0.339  0.446  0.000  0.143  0.125 
 0.464  0.750  0.482  0.750  0.696  0.768  0.607  0.679  0.946  0.571  0.768  0.714  0.857  0.000  0.482 
 0.714  0.750  0.893  0.643  0.554  0.661  0.804  0.750  0.911  0.786  0.643  0.929  0.875  0.625  0.000 
