 1.000  1.000  0.857  0.857  0.907  1.000  1.000  0.367  0.571  0.778  0.612  0.714  0.571  0.907  0.778 
 0.762  1.000  0.762  0.333  1.000  0.667  0.556  0.286  0.625  0.857  0.444  0.167  0.222  1.000  0.857 
 0.333  1.000  1.000  0.857  0.907  1.000  1.000  0.306  0.571  0.778  0.286  0.714  0.571  0.907  0.778 
 0.667  0.476  0.556  1.000  0.778  0.667  0.296  0.444  0.167  0.571  0.238  0.250  0.556  0.571  0.571 
 0.889  0.556  0.778  0.556  1.000  0.556  0.286  0.667  0.333  0.778  0.556  0.429  0.333  0.556  0.778 
 0.667  0.367  0.667  0.556  0.889  1.000  0.444  0.333  0.245  0.762  0.556  0.490  0.389  0.889  0.762 
 1.000  0.667  0.889  0.444  0.556  0.667  1.000  0.778  0.333  0.889  0.444  0.222  0.476  0.667  0.889 
 0.476  0.714  0.476  0.571  0.667  0.735  0.648  1.000  0.286  0.571  0.500  0.490  0.429  0.667  0.571 
 0.762  0.556  0.762  0.556  1.000  0.762  0.556  0.444  1.000  0.857  0.476  0.278  0.556  0.857  0.857 
 0.476  0.918  0.750  0.667  0.918  0.735  0.367  0.556  0.222  1.000  0.667  0.286  0.889  0.918  0.729 
 0.556  0.667  0.444  0.714  0.778  0.667  0.778  0.333  0.490  0.556  1.000  0.571  0.429  0.667  0.556 
 0.889  0.714  0.778  0.286  0.889  0.571  0.444  0.667  0.238  0.778  0.476  1.000  0.741  0.762  0.778 
 0.889  0.556  0.778  0.571  0.778  0.667  0.444  0.667  0.333  0.778  0.571  0.429  1.000  0.667  0.778 
 0.333  0.429  0.571  0.714  0.750  0.750  0.375  0.333  1.000  0.381  0.714  0.286  0.333  1.000  0.381 
 0.222  0.286  0.429  0.245  0.245  0.286  0.143  0.184  0.500  0.429  0.245  0.125  0.222  0.286  1.000 
